13
Ïð.1
17
6
7
21
Ï.2
43
153
33
168
ÑÊ.3
185
97
175
112
ÂÇÓ.4
284
7
274
22
ÂÇÓ.5
422
13
412
28
ÌÊ.6
176
248
166
263
ÓÂÂ.7
475
265
465
280
ÓÂÂ.8
466
190
456
205
ÌÊ.19
166
337
156
352
ÓÂÂ.1:
338
308
328
323
ÓÂÂ.1;
410
346
400
361
ÂÇÓ.12
434
96
424
111
Ïð.13
102
7
92
22
0
1
0
0
0
0
0
0
0
0
0
0
0
1
0
1
0
0
1
0
0
1
0
0
0
1
0
1
0
1
1
0
0
0
0
0
0
1
0
0
0
1
0
0
0
0
0
0
0
0
0
0
0
0
1
0
0
0
0
0
0
0
0
0
0
0
1
0
0
0
0
1
1
0
0
0
0
0
0
0
0
0
0
1
0
0
0
0
0
0
0
0
0
0
0
0
1
0
0
0
0
0
0
0
0
1
0
0
0
0
0
0
0
1
1
0
0
0
0
0
0
0
0
0
0
1
0
0
0
0
0
0
0
0
0
0
0
0
1
0
0
0
0
0
0
1
0
0
0
0
0
0
0
0
0
0
0
1
0
0
0
0
0
0
0
0
0
0
0
