15
Ïð.1
46
11
36
26
Ï.2
43
153
33
168
ÑÊ.3
185
97
175
112
ÂÇÓ.4
284
7
274
22
ÂÇÓ.5
422
13
412
28
ÌÊ.6
176
248
166
263
ÓÂÂ.7
475
265
465
280
ÓÂÂ.8
466
190
456
205
ÑÊ.9
180
177
170
192
ÂÇÓ.10
489
57
479
72
ÂÇÓ.11
527
118
517
133
ÌÊ.12
166
337
156
352
ÓÂÂ.13
338
308
328
323
ÓÂÂ.14
430
353
420
368
Ïð.15
119
15
109
30
0
1
0
0
0
0
0
0
0
0
0
0
0
0
0
1
0
1
0
0
1
0
0
1
0
0
1
0
0
1
0
1
0
1
1
0
0
0
0
0
0
0
0
0
0
0
0
1
0
0
0
0
0
0
0
0
0
0
0
0
0
0
1
0
0
0
0
0
0
0
0
0
0
0
0
0
1
0
0
0
0
1
1
0
0
0
0
0
0
0
0
0
0
0
0
1
0
0
0
0
0
0
0
0
0
0
0
0
0
0
1
0
0
0
0
0
0
0
0
0
0
1
0
0
0
0
0
0
0
1
1
0
0
0
0
0
0
0
0
0
0
0
0
1
0
0
0
0
0
0
0
0
0
0
0
0
0
0
1
0
0
0
0
0
0
0
1
0
0
0
0
0
0
0
0
0
0
1
1
0
0
0
0
0
0
0
0
0
0
0
0
1
0
0
0
0
0
0
0
0
0
0
0
0
0
0
1
0
0
0
0
1
0
0
0
0
0
0
0
0
0
0
0
0
0
